0 13353274123372070742 58
1 12442721690527334993 59
2 13073965807334295957 59
3 9752551604137658257 59
4 7549163961699715631 59
5 478793858505635694 59
6 12802916876762023984 59
7 13894134849569561289 58
8 5497646169872467522 59
9 8463513314300527672 59
10 2160514424329848618 59
11 5278843424475215466 59
12 17935209560610078547 59
13 3382509018814926624 59
14 10325995579562836084 59
15 16301972113012273011 59
16 9484666303391355398 59
17 17883808397237060627 59
18 2366101675455824057 57
19 9910171719534944401 57
20 11466307982977929997 57
21 12807957712117901074 57
22 15657912925136097056 59
23 5623319561614885891 59
24 1223184711633865009 59
25 1453620692933900262 59
26 9788019641448662304 57
27 8420888252978036738 55
28 18180622677780291584 55
29 1538715946091348099 57
30 14238713928682311711 59
31 8309991946441559053 59
32 13712634314922966019 59
33 11341207461215222305 59
34 5022571486526833231 57
35 2222420897389805828 55
36 13697716288346112256 55
37 15195189426039095429 57
38 16787169384945125426 59
39 11974512886359679523 59
40 4920156160295634856 59
41 17300375710426042485 59
42 12934611530380993536 57
43 15975742549532869635 57
44 5448528810872162323 57
45 10561554700094735874 57
46 12020194808179133446 59
47 5713684846765741316 59
48 4724671662700258222 59
49 12673692589811596585 59
50 3885541352436678350 59
51 5094595825716299189 59
52 4059264308211876056 59
53 12645378064627401163 59
54 14357623256441881308 59
55 16853629893987207170 59
56 15419060704266947587 58
57 8788467378239180807 59
58 3906881224291651697 59
59 6415197505962805251 59
60 13219318256455706116 59
61 8693393877553930755 59
62 18378408510007807748 59
63 3907471184916448000 58