0 15690669196211955804 58
1 12350207254724098583 58
2 13713522478328193034 58
3 2734816440300869051 58
4 13098722868496515588 58
5 6148545994987602753 58
6 3983158039292183044 58
7 3860290094707523657 58
8 11517780478455808049 59
9 11041208012977485335 59
10 1096903380435820246 59
11 6528785714682815242 59
12 13630012923951459091 59
13 3478999691776693249 59
14 434706499347187458 59
15 10125892417991631621 59
16 4361912309199712272 59
17 1423356356870414375 59
18 8638495519945052277 59
19 6978335461734619682 59
20 480199542368372494 59
21 8236894104318773039 59
22 13507457050770868870 59
23 14083566576875958401 59
24 923308545118798017 59
25 2112323131238260804 59
26 6597540139623767905 59
27 6207131818037471297 59
28 4699508421947033531 59
29 6752032241070770525 59
30 8301935115689904518 59
31 772813166360330567 59
32 7348047481535541724 59
33 15834933505194756458 59
34 2058761994684072979 59
35 2256365017538890786 59
36 2105438762018014051 59
37 7729454335500359425 59
38 1175304730984924678 59
39 8056747056976330784 59
40 170545786479481110 59
41 16169259809867925599 59
42 8966622551626031010 59
43 13621139328448819203 59
44 9692835283306800389 59
45 16909332168606609665 59
46 2077573406135537730 59
47 5795890281349951154 59
48 17746701102855825072 59
49 16866473774862570493 59
50 13637896997983287459 59
51 14793236461938286747 59
52 1676751083018242157 59
53 16191221365418954039 59
54 15072711792564243159 59
55 2777868034151840742 59
56 17660374081228263460 58
57 10182744826068338277 58
58 3195026996538119694 58
59 4919927523763035658 58
60 3647369000490634383 58
61 10059506657939538178 58
62 17458344907740610628 58
63 796433933008576768 58