0 13907945751740373021 58
1 11386061599937433745 59
2 15997809747364354806 59
3 13404735214880195520 59
4 1171377584832749900 59
5 8658853898907556287 59
6 17014306376635025492 59
7 8491324831025691917 58
8 17355185054635941852 58
9 11206646486849525094 59
10 8533759895011456228 59
11 11802252043314699019 59
12 18280183275852136133 59
13 11644096940437948899 59
14 1154048677343695131 59
15 3419921474079159874 58
16 17985017366219141519 58
17 13150636275689647354 59
18 10712539603382173731 59
19 8197881751344374132 59
20 10214111489629274555 59
21 10271365096148742149 59
22 8144691817798331855 59
23 10049441751453877077 58
24 17988263229798911112 58
25 1727206589750515333 59
26 18308260232120167484 59
27 12549110347338093274 59
28 5769034646495112218 59
29 1934550199553535019 59
30 2218201195275879546 59
31 13773943221903974689 58
32 10445032807226261420 58
33 7554886885288305155 59
34 11115696640600581609 59
35 11187354550015312097 59
36 13296855124409427949 59
37 5572643591045710213 59
38 12497705347949705823 59
39 221334432773568242 58
40 16281931486957275015 58
41 8304672730010294421 59
42 465072352279265757 59
43 1227680461545832949 59
44 3948636894466688164 59
45 200201918127548431 59
46 90436325198793761 59
47 133945072224174222 58
48 6830062013921489936 58
49 6510347374604189187 59
50 9313440997053976065 59
51 9458529363555228161 59
52 12989514650930426368 59
53 766844026578675750 59
54 2095732166409755651 59
55 5190381958668788229 58
56 9327921902796098566 58
57 3350164095797938442 59
58 6915374098761183606 59
59 18432162782659074906 59
60 3155445183679816690 59
61 16786353062185762210 59
62 11513308103628384324 59
63 2426818083425374950 58